%YAML:1.0
cam0:
# imu to cam0
  T_cam_imu:
    - [0.999995, 6.32022e-05, -0.00320783, -3.36338e-05]
    - [-6.7078e-05, 0.999999, -0.00120814, 0.000113991]
    - [0.00320775, 0.00120835, 0.999994, -0.000214519]
    - [0, 0, 0, 1]
  cam_overlaps: [1]
  camera_model: pinhole
  distortion_coeffs: [0.075023531913757324, -0.014038326218724251, 0.0019063915824517608, -0.0016816287534311414]
  distortion_model: equidistant
  intrinsics:  [450.99752807617188, 451.09100341796875, 627.3162841796875, 379.36770629882812]
  resolution: [1280, 800]
  # rostopic: /camera/image
#  rostopic: /camera/image_left
  # rostopic: /camera/image_sync_ir
  rostopic: /camera/ir_left_image
  # timeshift transform cam0 to imu0: [s] (t_imu = t_cam + shift)
  # timeshift_cam_imu: 0.058777453820573332
  timeshift_cam_imu: 8.8946818193293298e-03
cam1:
# imu to cam1
  T_cam_imu:
    - [ 0.999953, 0.00973394, 0.000349797, -0.0613607 ]
    - [ -0.00973393, 0.999953, -4.66971e-05, 0.000686277 ]
    - [ -0.000350235, 4.329e-05, 1, -0.00023002 ]
    - [ 0.0, 0.0, 0.0, 1.0 ]
# cam1 to cam0
  T_cn_cnm1:
    - [ 0.999947, -0.00967053, -0.00355806, 0.0613296 ]
    - [ 0.00966644, 0.999953, -0.00116483, 2.06174e-05 ]
    - [ 0.00356916, 0.00113037, 0.999993, 0.000233729 ]
    - [ 0.0, 0.0, 0.0, 1.0 ]
  cam_overlaps: [0]
  camera_model: pinhole
  distortion_coeffs: [0.074362568557262421, -0.010330040007829666, -0.0018677893094718456, -0.00047142253606580198]
  distortion_model: equidistant
  intrinsics: [452.08221435546875, 451.98760986328125, 634.755126953125, 431.57412719726562]
  resolution: [1280, 800]
  # rostopic: /camera/image2
  rostopic: /camera/ir_right_image

#  rostopic: /camera/image_right
  timeshift_cam_imu:  8.8946818193293298e-03


