%YAML:1.0
cam0:
  camera_model: pinhole
  distortion_coeffs: [-0.94683045148849487, 0.34060549736022949, -0.0053588212467730045, -0.92724859714508057]
  distortion_model: equidistant
  intrinsics: [612.88299560546875, 613.15106201171875, 644.31951904296875, 399.92123413085938]
  resolution: [1280, 800]

