%YAML:1.0
cam0:
# imu to cam0
  T_cam_imu:
    - [0.999879, 0.00852363, -0.0129973, -0.000636021]
    - [-0.00858547, 0.999952, -0.00470918, 0.000582999]
    - [0.0129565, 0.00482019, 0.999904, -0.00158777]
    - [0, 0, 0, 1]
  cam_overlaps: [1]
  camera_model: pinhole
  distortion_coeffs: [0.073515325784683228, -0.010866490192711353, -0.0012698045466095209, -0.00070490647340193391]
  distortion_model: equidistant
  intrinsics:  [453.82870483398438, 453.7041015625, 636.8572998046875, 403.36190795898438]
  resolution: [1280, 800]
  # rostopic: /camera/image
#  rostopic: /camera/image_left
  rostopic: /camera/image_sync_ir
  # timeshift transform cam0 to imu0: [s] (t_imu = t_cam + shift)
  # timeshift_cam_imu: 0.058777453820573332
  timeshift_cam_imu: 8.7611067338226305e-03
cam1:
# imu to cam1
  T_cam_imu:
    - [ 0.999948, 0.00583349, -0.00838305, -0.0599078 ]
    - [ -0.00585919, 0.999978, -0.00304407, 3.12867e-05 ]
    - [ 0.00836511, 0.00309303, 0.99996, -0.00139771 ]
    - [ 0.0, 0.0, 0.0, 1.0 ]
# cam1 to cam0
  T_cn_cnm1:
    - [ 0.999986, 0.00270453, -0.00460628, 0.0592644 ]
    - [ -0.00271233, 0.999995, -0.00168793, 0.000386863 ]
    - [ 0.00460169, 0.0017004, 0.999988, 8.55463e-05 ]
    - [ 0.0, 0.0, 0.0, 1.0 ]
  cam_overlaps: [0]
  camera_model: pinhole
  distortion_coeffs: [0.072434261441230774, -0.0070220972411334515, -0.0042336378246545792, 0.00031584699172526598]
  distortion_model: equidistant
  intrinsics: [451.3834228515625, 451.324462890625, 613.7071533203125, 396.82003784179688]
  resolution: [1280, 800]
  rostopic: /camera/image2
#  rostopic: /camera/image_right
  timeshift_cam_imu:  8.7611067338226305e-03


